[PAD_COMBINADO.jpg]
filters=finetune2=1,0.093567,0.348070,0.000000,00000000,0.000000;
moddate=573416004092d001
width=2560
height=1920
textactive=0
